female_average: 186.76248420613845
female_max: 421.05263157894734
female_min: 49.68944099378882

male_average: 177.50676495792558
male_max: 444.44444444444446
male_min: 51.61290322580645
